1496.8
1214.1
2487.8
1098.8
265.2
659.8
158.1
103.6
217.1
322.6
937.1
76.0
6238.4
175.4
2444.8
37.1
2778.2
319.0
735.1
26.9
1077.1
429.1
941.7
535.4
216.4
20.0
1260.0
29.4
654.6
242.7
145.8
226.0
777.3
404.7
1214.9
780.7
230.5
500.6
4972.3
1654.2
36.6
293.1
130.0
78.3
52.0
41.0
18.5
1145.8
70.5
531.5
849.4
124.4
57.8
2368.6
1268.1
465.8
151.3
237.6
815.7
69.0
2237.5
221.9
487.9
983.7
1196.4
208.4
7737.4
5235.8
67.6
82.6
1024.6
2586.4
3057.2
9027.5
1495.8
4938.3
3422.2
4156.9
2817.9
16.9
115.8
227.3
654.5
2516.8
297.9
118.0
436.5
453.3
531.1
116.4
389.7
611.3
554.1
398.7
448.6
267.2
128.5
478.9
161.7
88.2
768.2
1641.7
735.8
219.2
999.2
101.1
2032.7
1423.1
711.9
193.1
100.1
510.5
1401.0
1118.4
1183.9
2322.1
62.5
1123.6
898.1
1276.6
2361.9
3828.3
1935.1
64.8
2098.7
70.5
1739.0
3511.3
307.1
1248.4
26.8
214.7
5161.1
180.8
780.1
1471.6
320.3
397.4
689.2
387.4
443.7
107.5
3666.8
